image_width: 640
image_height: 480
camera_name: usb_cam
camera_matrix:
  rows: 3
  cols: 3
  data: [682.229296, 0, 327.728671, 0, 680.220109, 246.792342, 0, 0, 1]
distortion_model: plumb_bob
distortion_coefficients:
  rows: 1
  cols: 5
  data: [0.007893, -0.273376, -0.00084, -0.0058, 0]
rectification_matrix:
  rows: 3
  cols: 3
  data: [1, 0, 0, 0, 1, 0, 0, 0, 1]
projection_matrix:
  rows: 3
  cols: 4
  data: [673.086853, 0, 324.826562, 0, 0, 676.859863, 246.17113, 0, 0, 0, 1, 0]
